corpus	verse	region	era	year	tempo	sylsPerWord	sylsPerSecond	saturation	sat.delta	rhymeMixture	rhymeEntropy	rhymeEntropy4	grooviness	adherence	phraseLength	phraseLengthVariance	instancesPerClass	syllablesPerInstance	dupleness
blackThought	artImitatesLife			NA	93.53534369	1.38129496402878	5.30184234764573	11.3529411764706	2.1875	0	0.321142616405536	0.0729173322729636	0.61	0.66	2.48	0.290900735294118	6.67	3	0.64
blackThought	atonement	NA	NA	NA	72	1.25	4.31304347826087	12.6470588235294	1.4375	0.73	0.498988702006654	0.16666241505295	0.43	0.83	2.14	0.917291666666667	5.33	2.33	0.42
blackThought	baby1	NA	NA	NA	113	1.45161290322581	4.62707275803723	8.625	1	0.4	0.459869358067823	0.259311709818654	0.95	0.94	1.99	0.359834558823529	6	3	0
blackThought	birdsEyeView			NA	84.000525	1.43727598566308	4.9934820906801	12.53125	1.67741935483871	0.13	0.464709756940299	0.106073936485746	0.63	0.7	2.06	1.59576506342495	3.14	3.43	0.56
blackThought	birthdayGirl			NA	80.76389181	1.19354838709677	4.89919103472072	12.4444444444444	1.5	0	0.307433503074361	0	0.85	0.86	2.13	1.63068181818182	11	1	0.86
blackThought	breadAndButter2	NA	NA	NA	93	1.31896551724138	5.54736842105263	12.7916666666667	1.47826086956522	0.35	0.466967530114062	0.128926461198248	0.35	0.5	2.04	2.8737684729064	4.2	2.5	0.38
blackThought	cantStopThis2	NA	NA	NA	93	1.30322580645161	5.47414634146342	11.9411764705882	1.5625	0.2	0.49016953241766	0.175593826802127	0.34	0.55	2.13	1.98947368421053	5.5	3.75	0
blackThought	clap			NA	90.01828496	1.24626865671642	4.73609715465225	10.4375	1.73333333333333	0.07	0.570212388393767	0.383086289259074	0.13	0.49	2.07	2.63338815789474	3.67	2.17	0.18
blackThought	congregation			NA	75.99746675	1.38	4.61502768382838	11.5	1.76470588235294	0.56	0.482733674990251	0.0621620305333779	0.31	0.69	2	1.0225	6	2	0.4
blackThought	dearGod2	NA	NA	NA	81.5	1.25490196078431	4.68866328257191	12	1.4	0.2	0.528549819096978	0.263929487480519	0.31	0.46	2.32	2.39136904761905	4	2	0.43
blackThought	falseMedia	NA	NA	NA	93	1.29341317365269	5.42844444444444	12.8823529411765	1.5625	0	0.549893659200194	0.274448485818597	0.36	0.83	2.15	0.95	11	2	0
blackThought	goodMusic			NA	96.2164871	1.19375	5.52530321960396	10.6111111111111	3.58823529411765	0.06	0.448804141316877	0.242241681587598	0.54	0.55	3.32	5.68589743589744	2.11	1.67	0.6
blackThought	itsAboutThatTime			NA	89.51883626	1.41916167664671	4.93731734124766	11.3809523809524	1.35	0.68	0.661934529733872	0.368947776085921	0.16	0.47	2.04	1.2323717948718	4.22	2.67	0.08
blackThought	koolOn2	NA	NA	NA	90	1.41911764705882	5.04950495049505	12.0625	1.4	0.2	0.499485822906214	0.257841449831658	0.32	0.41	2.12	1.31644736842105	6.5	2.25	0.12
blackThought	longTime3	NA	NA	NA	102	1.25974025974026	5.8380487804878	12.1875	1.6	0.13	0.457674471825394	0.192568498786482	0.63	0.58	2.11	0.847426470588235	4	3.6	0.02
blackThought	myFavoriteMutiny			NA	104.6949125	1.20224719101124	5.17411150579151	10.7	2	0.16	0.501167761882488	0.260941477552011	0.39	0.72	2.14	1.20792748917749	5	2.8	0
blackThought	radioDaze3	NA	NA	NA	89	1.36477987421384	4.9262996941896	11.4210526315789	2.11111111111111	0	0.577832801168151	0.333992360916516	0.21	0.5	1.79	0.987681878306878	5.2	2.8	0.06
blackThought	respiration			NA	91.9760479	1.1866028708134	5.09049824855346	11.8571428571429	1.6	0.21	0.510054425313	0.31203440162245	0.11	0.55	1.83	1.07638888888889	3.75	1.62	0.17
blackThought	rightNow			NA	100.0260485	1.24553571428571	5.38601799615385	11.7916666666667	1.78260869565217	0	0.156324843551075	0	0.36	0.71	2.39	2.56620553359684	6	2.25	0.22
blackThought	riseUp			NA	93.53990061	1.26011560693642	5.7090080184507	12.8235294117647	1.75	0.38	0.552820448089916	0.388490753165977	0.6	0.67	2.39	3.29820261437909	4.43	2.29	0.1
blackThought	section			NA	95.79882247	1.41218637992832	5.48091062542298	12.40625	1.25806451612903	0.19	0.691212331710155	0.367169578670476	0.53	0.57	2.17	1.75215840840841	6.22	1.78	0.57
blackThought	silentTreatment			NA	84.89189548	1.31952662721893	5.522094172	12.5	2.35294117647059	0	0.39789905256169	0.218064157916534	0.53	0.73	2.03	1.33794466403162	2.62	2.62	0.34
blackThought	sleep	NA	NA	NA	78.5	1.42105263157895	4.7213768115942	12.7333333333333	0.785714285714286	0.43	0.576013803502211	0.423090391187228	0.18	0.79	2.33	1.60180921052632	4.6	1.6	0.16
blackThought	stepIntoTheRealm			NA	91.10752586	1.5234375	4.91832497325528	11.4705882352941	1.5625	0.07	0.649624230099807	0.42460120790852	0.39	0.67	1.73	2.1775	5	2.4	0.32
blackThought	sweptAway			NA	102.2745432	1.28057553956835	5.454642304	10.5882352941176	2.75	0	0.530890263278722	0.42098402779277	0.14	0.77	2.33	4.31223958333333	2.46	1.15	0.09
blackThought	theFire2	NA	NA	NA	87	1.27388535031847	5.09951690821256	12.6875	1.2	1.8	0.400607391702481	0.0734568540122869	0.8	0.44	2.04	2.21315789473684	5.17	2.83	0.61
blackThought	theHypnotic			NA	76.94157249	1.452	4.73373865033714	12.9285714285714	1.59259259259259	0.07	0.614701414352109	0.305878563680986	0.28	0.47	2.4	1.34317226890756	4.3	1.8	0.34
blackThought	theLesson			NA	95.46539379	1.29310344827586	5.44544135700535	11.75	1.38709677419355	1.13	0.696143837327847	0.4248668537689	0.15	0.68	1.79	1.56988636363636	3.55	1.45	0.18
blackThought	TNT			NA	80.9102402	1.66176470588235	5.39401601333333	12.2222222222222	2.125	0	0.45904691433132	0.195357611702845	0.28	0.73	1.57	0.435714285714286	5	2.67	0.22
blackThought	withoutADoubt			NA	98.0943136	1.38125	5.05452771272244	10.5714285714286	1.45	0	0.702497934418431	0.410475946422775	0.12	0.35	1.84	1.44846153846154	5.6	1.8	0.08
blackThoughtOther	baby2	NA	NA	NA	113	1.3125	5.0734693877551	9.375	2.13333333333333	0.6	0.331014118750006	0	0.55	0.77	1.87	0.558006535947712	4.75	2	0
blackThoughtOther	doinItAgain1	NA	NA	NA	84	1.42666666666667	5.0809756097561	12.6470588235294	1.25	1	0.470004724110167	0.161826545536378	0.27	0.66	2.07	1.09461462450593	3.8	3	0
blackThoughtOther	doinItAgain2	NA	NA	NA	84	1.27814569536424	4.39461883408072	10.8333333333333	2.76470588235294	4	0.52304854818664	0.300065955660625	0.5	0.67	2.86	0.679227941176471	4.62	1.88	0.5
blackThoughtOther	gameTheory	NA	NA	NA	96	1.25892857142857	5.27448275862069	11.32	1.83333333333333	0.52	0.681551441814721	0.380475758911173	0.53	0.62	1.65	1.0235548048048	3.64	2.42	0.45
blackThoughtOther	howIGotOver	NA	NA	NA	122	1.27737226277372	5.7626307922272	9.83333333333333	2.05882352941176	0	0.272206356165251	0	0.94	0.92	1.69	0.783625730994152	5	4	0
blackThoughtOther	hustla1	NA	NA	NA	85	1.23952095808383	5.01904761904762	12.1764705882353	1.5625	0	0.303892082800852	0	0.72	0.77	2.3	0.811019736842105	6.67	3	0.27
blackThoughtOther	iRemember1	NA	NA	NA	86	1.25333333333333	5.28740740740741	11.75	1	0	0.411772714203622	0	0.83	0.87	2.18	1.46458333333333	3.67	2.67	0.83
blackThoughtOther	iRemember2	NA	NA	NA	86	1.35384615384615	4.73877551020408	11.125	1.14285714285714	0	0.291243380179482	0.255723180246956	0.7	0.85	2.72	0.209821428571429	4	2.5	0.88
blackThoughtOther	lighthouse2	NA	NA	NA	90	1.26530612244898	5.51445086705202	11.625	1.86666666666667	0.2	0.213529145816598	0	0.48	0.59	1.82	1.03087944664032	4.33	3.33	0.34
blackThoughtOther	makeMy2	NA	NA	NA	84	1.53061224489796	5.02465753424657	12.5	1.36363636363636	0.36	0.419409515058553	0.280294966187647	0	0.04	2.42	1.29979395604396	3.33	2.33	0.14
blackThoughtOther	nowOrNever	NA	NA	NA	93	1.20754716981132	5.27794871794872	11.4705882352941	1.3125	0.87	0.589408703570824	0.286906057354842	0.18	0.6	1.81	1.42379981884058	4.29	2.43	0
blackThoughtOther	oneTime2	NA	NA	NA	87	1.22972972972973	4.84867724867725	11.5625	1.2	0	0.389521602004618	0.182374037398394	0.26	0.52	1.89	1.19787549407115	4.5	2.75	0.14
blackThoughtOther	stomp1	NA	NA	NA	88.5	1.30769230769231	5.68031914893617	12.8125	1.73333333333333	0.2	0.407424413519953	0.174125436786076	0.8	0.9	2.17	1.21118421052632	6.33	3.67	0.7
blackThoughtOther	takeItThere1	NA	NA	NA	100	1.34722222222222	5.61224489795918	12.3125	1.4	0.2	0.501581634049714	0.132273510986151	0.32	0.59	1.64	1.29792490118577	4.5	3	0.19
blackThoughtOther	theDay2	NA	NA	NA	95	1.24161073825503	5.09034267912773	11.625	0.933333333333333	0.07	0.296847956453323	0	0.83	0.9	2.91	11.603021978022	10.5	1.5	0.83
blackThoughtOther	theOtherSide1	NA	NA	NA	82	1.36	4.85925925925926	12	1.75	2.8	0.429229687574043	0.320672519253091	0.24	0.43	1.95	1.38791666666667	3.38	2.12	0.36
blackThoughtOther	theOtherSide2	NA	NA	NA	82	1.25625	5.02040816326531	12.75	2	0	0.313179472247305	0.041378068586544	0.35	0.56	2.08	1.28571428571429	6.33	2.33	0.23
blackThoughtOther	tipTheScale1	NA	NA	NA	74	1.33561643835616	4.45333333333333	11.0588235294118	2.1875	0	0.361303449349491	0.290747136612347	0.57	0.56	1.82	0.697460098522167	5.25	2	0
blackThoughtOther	walkAlone3	NA	NA	NA	87	1.34375	5.46048780487805	13.5	1	0.2	0.585412741953613	0.248985870805371	0.98	0.94	1.9	1.03927865612648	7	3.25	0.96
eminem	25toLife	NA	NA	2010	79.99000125	1.18936877076412	5.30816751531394	13.5384615384615	2.12	0.04	0.631581246538119	0.532627222160905	0.41	0.54	2.49	4.09772486772487	3.5	1.9	0.36
eminem	3am	NA	NA	2009	76.51536285	1.22162162162162	4.80498260754464	13.4705882352941	1.3125	0	0.521200731786803	0.279684034224434	0.49	0.65	4.16	37.8916666666667	6.5	3.5	0.06
eminem	badInfluence	NA	NA	1999	90.10277348	1.22543352601156	5.94294888910638	11.1176470588235	2.5	0	0.542178676536757	0.563265635547628	0	0.51	1.96	3.82777142857143	3.14	3.86	0.08
eminem	bagpipes	NA	NA	2009	93.06383597	1.28108108108108	4.92142089966667	11.2857142857143	1.95	0.16	0.494446610259623	0.127342204751979	0	0.21	2.14	1.03793025362319	14	2	0
eminem	crack	NA	NA	2009	84.000525	1.28488372093023	5.48914321782178	13	1.25	3.13	0.567304753730047	0.333113114387087	0.86	0.88	2.03	1.68560606060606	4.33	2.89	0
eminem	drugBallad1	midwest	NA	2000	103.164795	1.22707423580786	5.83908123825503	11.5416666666667	1.56521739130435	0.65	0.658976900616187	0.415557888490882	0.47	0.51	2.44	5.0723814229249	9.2	2.4	0.12
eminem	dumpin	NA	NA	2006	89.02489915	1.38311688311688	5.99915536614414	10.7222222222222	2.35294117647059	0	0.671490008131943	0.534250797606795	0.3	0.66	1.9	3.37471304347826	5.17	3.17	0.38
eminem	fubbaU	NA	NA	2006	90.81019723	1.3037542662116	5.44074947906147	13.0689655172414	1.10714285714286	0.07	0.663334190392677	0.381215748338558	0.15	0.74	3.11	13.2516983695652	4.21	2.21	0.08
eminem	goingThroughChanges	NA	NA	2010	85.99838753	1.28395061728395	4.65317054340793	11.5555555555556	2.76470588235294	0.25	0.639068896903642	0.34950018060087	0.29	0.48	2.01	448.0464	3.18	1.73	0.18
eminem	headlight	NA	NA	2013	73.29922883	1.25855513307985	5.70860219232318	13.2857142857143	2.25	0.16	0.626635974057937	0.392722085675792	0.39	0.79	2.33	4.45044950738916	6	1.86	0.47
eminem	imShady	NA	NA	1999	92.95120062	1.13664596273292	4.87171887493891	10.5294117647059	2.125	0	0.332686232826077	0.0491393359580386	0.32	0.36	2.41	2.69457941176471	6	1.33	0.06
eminem	likeToySoldiers	NA	NA	2004	81.79610616	1.23887587822014	5.29331572415625	14.2972972972973	1.41666666666667	0.03	0.6053373997609	0.255466630722032	0.19	0.55	5.18	16.6383928571429	4.46	1.69	0.05
eminem	loveMe	NA	NA	2002	80.98190561	1.30357142857143	4.74512810151271	12.2777777777778	2.23529411764706	0.06	0.682867236702338	0.423540651645301	0.15	0.96	2.69	5.44627192982456	4.86	1.71	0
eminem	mosh	NA	NA	2004	72.51850733	1.27477477477477	3.88970061031705	11.48	1.875	0.17	0.626029197797351	0.304201560662389	0.55	0.8	2.31	2.11207983193277	4.62	1.5	0.55
eminem	myMom	NA	NA	2009	90.0140647	1.27941176470588	5.38952135813836	12.3809523809524	2.9	0.05	0.428400801261076	0.0983381467517236	0.28	0.66	2.84	4.45996732026144	5	3	0.1
eminem	myNameIs	NA	NA	1999	85.61109377	1.2638036809816	5.25778743089068	11.4705882352941	1.6875	0	0.427962212742672	0.100300679772811	0.35	0.52	2.82	0.196139583333333	2.86	2.43	0.38
eminem	noLove	NA	NA	2010	64.80793897	1.21601941747573	2.99712390431832	9.96	1.71428571428571	0.77	0.590896733219439	0.313513951980378	0.65	0.59	4.95	6.6059496996997	3.6	1.8	0.62
eminem	oldTimesSake3	midwest	NA	2009	88.04512313	1.28666666666667	4.92831192362893	12.0625	1.53333333333333	0.07	0.404044385780076	0.166535737124781	0.19	0.68	3.36	4.83733974358974	5.5	5.25	0
eminem	revelation	NA	NA	2001	93.82788447	1.28571428571429	4.94458057841905	10.8235294117647	1.75	0	0.722890954898629	0.434018032294472	0.29	0.5	2.65	3.040625	7.2	2.2	0
eminem	spendSomeTime2	midwest	NA	2004	83.70389746	1.20363636363636	5.19367556528916	13.24	0.916666666666667	0	0.635737131500949	0.388107140297239	0	0.54	4.2	28.5409007352941	15	3	0.03
eminem	stillDont	NA	NA	1999	89.95502249	1.28662420382166	5.57929990236484	10.6470588235294	2.5	0	0.661726304498659	0.520630089628248	0.18	0.23	3.39	4.8661858974359	5.4	1.8	0.2
eminem	takeFromMe	NA	NA	2011	73.4956362	1.20224719101124	3.2810551875	9.6969696969697	2.125	0.19	0.569567232260795	0.341022681715583	0.74	0.75	7.17	47.8345238095238	4.22	2	0.74
eminem	talkin2	NA	NA	2010	92.84781663	1.39644970414201	6.16159026646575	12.8888888888889	3.58823529411765	0	0.623707210338938	0.34970065621653	0.4	0.64	2.74	7.73723958333333	4.4	2	0.43
eminem	theMonster	NA	NA	2013	110.0034376	1.26174496644295	6.28033810411348	10.8823529411765	3.1875	0.07	0.702246719735572	0.432803933619928	0	0.75	1.48	2.05583003952569	8.67	3	0.03
eminem	theReup	NA	NA	2006	86.00223964	1.23357664233577	4.6938951305348	11.6896551724138	1.5	0.26	0.757425894881657	0.436085538620163	0.2	0.71	2.29	5.0469537815126	8	1.62	0.06
eminem	theWayIAm	NA	NA	2000	86.47869561	1.27624309392265	4.51574430815209	11.0952380952381	1.65	0.05	0.50708293788636	0.127302472891761	0.69	0.84	3.43	14.4572916666667	4.27	1.82	0.52
eminem	tillICollapse1	NA	NA	2003	85.68750837	1.31645569620253	4.89642904971429	12.2941176470588	1.3125	5.47	0.554059514052602	0.29280404665412	0.54	0.55	4.9	5.5625	11.5	2.5	0
eminem	tonite	NA	NA	1996	91.06431417	1.34751773049645	5.27776427182915	11.4705882352941	1.875	0	0.696724902215443	0.413155533728445	0.39	0.76	3.41	7.43349358974359	4.29	3.86	0.39
eminem	weMadeYou	NA	NA	2009	122.9901992	1.21232876712329	6.16941128673139	9.83333333333333	2.17647058823529	0	0.435170251957566	0.228398271093319	0.78	0.94	1.49	2.43065476190476	6	2.33	0.11
eminem	whatTheBeat	NA	NA	2000	97.02850212	1.38164251207729	6.08713764059818	13.95	1.47368421052632	0	0.685555514833358	0.503972856761821	0.39	0.64	2.61	25.5350066666667	5.5	2	0
genre1	aintNoHalf	east	early	1988	100.8384	1.27004219409283	5.67764034782609	10.8928571428571	1.62962962962963	0.04	0.387546792979873	0.219715629760658	0.4	0.43	1.61	1.30033797909408	2.19	2.19	0.48
genre1	ambition	east	late	2011	81.06618	1.33950617283951	5.32414845544554	13.5625	1.4	0	0.499810655905797	0.267201603476177	0.35	0.54	2.2	2.27589285714286	3	1.86	0.15
genre1	amnesia	west	late	2011	87.96543	1.22448979591837	4.84848826771654	10.4782608695652	2.18181818181818	0.52	0.683772727957395	0.449104795981437	0.52	0.63	2.35	4.08240384615385	3.38	1.62	0.29
genre1	astonMartin	south	mid	2010	86.13281	1.28205128205128	5.20624984888889	11.5384615384615	2.58333333333333	0	0.285142956946089	0	0.79	0.81	2.58	1.43108974358974	3.5	1.25	0.35
genre1	babyBaby	south	early	1997	130.8347	1.13223140495868	5.46245885521886	8.23529411764706	2.5	0	0.309307640804032	0.389287040732528	0.33	0.55	1.98	2.87202380952381	2.12	1.38	0.23
genre1	batchesAndCookies	west	late	2013	90.4	1.34090909090909	6.13239766081871	13.5555555555556	2.875	0.29	0.536145108965921	0.323174790819846	0	0	2.67	2.64285714285714	4	2.67	0
genre1	blackAndYellow	east	late	2011	82	1.22	4.76129032258064	10.1666666666667	3.09090909090909	0	0.240012087928101	0	1	0.99	2.58	2.73523351648352	3.25	1.5	1.01
genre1	cadillactica	south	late	2014	72	1.17446808510638	6.70205607476635	12.5625	2.33333333333333	0.33	0.566146251708595	0.330756492519905	0.47	0.58	2.15	4.08307266666667	3	1.71	0.43
genre1	candyShop	east	mid	2004	97.97097	1.17073170731707	5.51587785270049	11.2941176470588	1.875	0.13	0.485393787081641	0.390111753364586	0.21	0.52	2.13	1.7905485380117	3.4	1.6	0.02
genre1	cantTrustEm	west	mid	2012	140	1.2967032967033	6.79642058165548	9.52	2.45833333333333	0.13	0.493087127149607	0.175523722571878	0.36	0.59	1.97	6.55833333333333	3.1	1.9	0.28
genre1	childrensStory	east	early	1988	102.8451	1.22178217821782	5.31151791376912	10.8245614035088	1.80357142857143	0	0.471918248789528	0.27192165187993	0.4	0.55	2.5	2.35735667634253	2.39	1.39	0.25
genre1	cream	east	mid	1993	90.25	1.16267942583732	4.53926453143535	10.1666666666667	1.73913043478261	0.13	0.641164453051588	0.422060831863613	0	0.38	1.94	1.26386088709677	3	1.21	0.02
genre1	deliverance	south	mid	2003	91.875	1.32758620689655	5.37346625766871	11.0714285714286	3.38461538461538	0	0.153150404822336	0	1	0.99	2.66	0.152935606060606	4	2.67	1.01
genre1	dilemma	midwest	mid	2002	84.03201	1.13934426229508	4.668445	11.6666666666667	3.36363636363636	0	0.381615013690475	0.298800840639212	0.52	0.84	2.57	1.45352564102564	2.4	1.6	0.46
genre1	disAintWhat	midwest	late	2013	62	1.14173228346457	4.21908713692946	10.1538461538462	1.41666666666667	0.82	0.332988286283239	0.183824949730961	0.94	0.92	2.09	0.503928354978355	3.33	1.5	0.83
genre1	doItLikeYou	east	late	2012	75	1.19428571428571	5.06811989100817	12.75	1.86666666666667	0	0.413601549659572	0.0599946657400641	0.53	0.68	2.15	2.15770144927536	4	1.57	0.55
genre1	drinkInMyCup	south	late	2011	66	1.10909090909091	4.76413793103448	12.3846153846154	2.75	0.36	0.434940998513222	0	1	0.99	2.79	4.04379833333333	3.86	1.14	1.01
genre1	dropIt	west	mid	2004	91.875	1.16556291390728	4.875	11	2.53333333333333	0.07	0.522902025436516	0.317158483830262	0.81	0.71	2.37	2.19301470588235	3.57	1.57	0.69
genre1	easyRider	east	late	2015	93.96307	1.25757575757576	5.36410535533981	10.4375	2.2	0	0.488763704037351	0.193279005158727	0.51	0.6	2.57	1.13069166666667	3.17	2	0.59
genre1	feelTheNew	east	early	1994	104.9334	1.16	4.82919303225806	9.91666666666667	1.27272727272727	0	0.534840016803894	0.330937239343873	0	0.44	2.79	3.30555555555556	2.83	1	0
genre1	fuckCompton	east	early	1991	104.6677	1.1900826446281	5.04179672447013	9	2	0	0.371521178125008	0.292913244849006	0	0	2.12	1.30147058823529	2.25	1.38	0.25
genre1	fullClip	east	early	1999	95.2621	1.2	5.62311006944444	11.4117647058824	2.1875	0	0.58146792269083	0.357091241805657	0.18	0.43	1.91	2.29107142857143	2.88	2.5	0.19
genre1	getUr	south	early	2001	91	1.22058823529412	5.98468468468468	10.875	1.85714285714286	0	0.314299875724266	0	0.95	0.9	1.41	0.388095238095238	12	1	0.93
genre1	holyGrail	east	mid	2013	72.5	1.18852459016393	5.48648648648649	10.25	2.18181818181818	0	0.548133623072883	0.463273614853916	1	0.93	1.91	0.0882305263157892	3.75	1.75	1.01
genre1	ifUStayReady	west	mid	1996	97.50884	1.26011560693642	6.38878558558559	11.8823529411765	2.875	0.47	0.495535258208719	0.362801205715767	0.2	0.86	2.08	3.75815555555556	2.88	1.62	0.2
genre1	itsThePee	east	early	1997	89.10291	1.328125	5.0034711	10.625	2.71428571428571	0	0.528597282179886	0.420709871302761	0.37	0.82	2.16	3.01215277777778	3.17	1.17	0.28
genre1	itWasAGoodDay	west	early	1992	82.35807	1.20118343195266	4.33463526315789	10.3	1.68421052631579	0	0.560138043147694	0.373144230505405	0.94	0.92	2.41	1.86548913043478	2.88	1.5	0.94
genre1	june	east	late	2012	78	1.28846153846154	4.90645161290323	11.1666666666667	1.36363636363636	0	0.240012087928101	0	0.67	0.46	1.99	1.02205882352941	2.75	2.25	0.54
genre1	lightersUp	east	mid	2005	91.06553	1.33070866141732	4.37232715004055	9.94117647058824	2.6875	0	0.384545022031359	0	0	0	2.45	6.07761437908497	4	1.83	0.02
genre1	lost	south	late	2008	68	1.26865671641791	4.04176706827309	10.75	1.71428571428571	0.14	0.157732438392864	0	0.29	0.68	2.34	0.64157196969697	2.67	1.33	0.37
genre1	makeThaTrap	south	late	2007	76	1.32967032967033	4.0158024691358	10.9090909090909	2.5	0.33	0.255083254628563	0.19141035888717	1	0.99	2.58	2.49599358974359	3	2	1.01
genre1	mcsActLike	east	early	1995	90.1	1.2688679245283	4.89584474885845	10.92	1.95833333333333	0.13	0.70707267764828	0.393668601216554	0.46	0.66	1.99	1.58965473790323	3.82	1.64	0.43
genre1	meMyselfAndI	east	early	1989	114.5256	1.11764705882353	3.81752	7.375	0.571428571428571	0	0.144845041071424	0	1	0.99	2.91	4.84166666666667	2.5	1	1.01
genre1	mightyHealthy	east	mid	2000	88	1.3202614379085	4.63302180685358	11.1666666666667	1.11764705882353	0.06	0.645401911925805	0.382523016519063	0.15	0.63	1.91	1.61471153846154	3.09	1.27	0.18
genre1	myChickBad	south	mid	2010	86.13281	1.13	4.13263482323232	8.69230769230769	2.5	0.36	0.0933259900964718	0	0.81	0.87	1.89	1.10294117647059	2.14	1.14	0.89
genre1	myCrew	east	mid	2003	92.28516	1.30120481927711	5.77507762264151	12.5882352941176	2.6875	0.73	0.642171755094512	0.421119475278371	0.13	0.26	3.03	5.86298076923077	3.08	1.62	0.23
genre1	myOpinion	west	mid	1993	82.03125	1.2378640776699	5.37683823529412	13.2105263157895	1.55555555555556	0.18	0.487221795518033	0.228832987855879	0.81	0.83	2.07	1.04229166666667	3.1	1.8	0.77
genre1	noLoveAlsina	south	late	2014	64	1.13725490196078	3.76173570019724	10.8125	2.26666666666667	0.13	0.219586776190463	0	0.5	0.72	2.47	0.979166666666667	2.5	2.17	0.62
genre1	oneFor	east	mid	2003	88	1.26451612903226	5.50411985018727	11.8823529411765	1.5625	0.47	0.491063619501814	0.259846397811288	0	0.5	2.01	4.65165043290043	2.73	1.55	0.11
genre1	pacman	south	late	2011	70	1.22950819672131	4.04343105320304	10.9230769230769	2.16666666666667	0.36	0.377842037768778	0	1	0.98	2.72	2.25741238095238	3.8	2.2	0.78
genre1	payForIt	west	late	2014	95.2621	1.24203821656051	5.21743193846154	12.375	1.73333333333333	0.07	0.469319131510246	0.281417534943	0.13	0.7	2.8	30.0520018181818	2.78	1.56	0
genre1	pimpinAint	south	early	2001	79	1.37654320987654	4.87224669603524	12.7647058823529	1.75	0	0.672820858687019	0.424729196204805	0	0	2.6	4.88192456140351	4.5	2.33	0.11
genre1	ready	east	mid	2013	75	1.18181818181818	4.87544483985765	12.0833333333333	0.909090909090909	0.09	0.401519477898257	0.166535737124781	0.87	0.9	1.89	0.829094736842107	3.8	2.2	0.92
genre1	secondRound	east	mid	1998	93.96307	1.19642857142857	5.62172213675214	11.7647058823529	1.375	0.07	0.576213501376318	0.435774253818935	0.45	0.79	1.9	1.60078463203463	2.88	1	0.17
genre1	selfTaught	midwest	mid	2004	97.05106	1.19587628865979	5.16955394974874	11	1.95	0	0.573853907355769	0.424771697344023	0.1	0.48	2.85	2.94852941176471	2.67	2.56	0.08
genre1	setItOff	south	mid	2006	80	1.22222222222222	4.98481848184818	12.8095238095238	1.6	0.05	0.540665942360358	0.3251448448867	0.59	0.78	1.98	1.28233827956989	2.73	1.91	0.61
genre1	sexStyle	east	early	1997	85.06944	1.20224719101124	4.85045052631579	11.2631578947368	1.27777777777778	0.06	0.424675757506872	0.356041822567522	0.26	0.6	2.79	0.860380116959064	2.2	1.5	0.02
genre1	sexyLove	east	late	2008	74.65	1.2	4.91811764705882	10.6666666666667	4	0	0.446708872144294	0	0.64	0.75	2.04	1.35037878787879	6	2	0.35
genre1	shutterbugg	south	mid	2010	98.4375	1.24698795180723	6.20689655172414	13.1875	1.33333333333333	0	0.61604597276789	0.35449946090619	0.53	0.65	2.61	4.40952380952381	3.12	1.75	0.38
genre1	stayFly	south	early	2010	133.3669	1.11842105263158	6.81210699834163	10.625	1.6	0.07	0.290240898201356	0.0589723298574102	0.92	0.93	2.08	2.17891483516484	4.5	1	0.34
genre1	steadySlangin	east	early	1996	92.28516	1.16788321167883	4.14157791219512	9.41176470588235	2.5625	0.4	0.496207064869758	0.165428606418454	0.87	0.86	2.05	1.91118421052632	3.71	1.14	0.87
genre1	stronger	midwest	late	2007	103.8788	1.25423728813559	4.93047927536232	8.70588235294118	2.0625	0	0.252964876785729	0	1	0.99	2.43	2.32682291666667	5.67	3	0.75
genre1	studio	west	late	2014	68	1.16949152542373	5.81484098939929	10.7	2.44444444444444	0.12	0.316235583362323	0.0971572825111924	0.72	0.72	2.22	0.65031043956044	2.29	1.71	0.31
genre1	sunshine	midwest	early	1993	86.6	1.18954248366013	4.64753333333333	9.47368421052632	3.33333333333333	0	0.633194448791099	0.417968897005803	0.6	0.79	2.42	1.55	3.3	1.5	0.54
genre1	thatsHowItIs	west	early	1994	90.2702	1.22292993630573	4.67750799368088	10.1052631578947	2.27777777777778	0.11	0.535138913267117	0.336605202796741	0.4	0.48	2.06	2.44565217391304	2.57	1.86	0.47
genre1	theBreaks	east	early	1980	112.3471	1.09677419354839	4.26955162640902	7.15789473684211	0.944444444444444	0.76	0.354244091543017	0.0579877587977112	0	0.76	2.1	0.0753676470588235	7	1	0.08
genre1	theDayTheyMakeMe	south	mid	1998	78.5	1.31284916201117	5.63589743589744	13.3125	1.26666666666667	0.07	0.653265324255963	0.435679786134847	0.34	0.62	1.83	1.77115384615385	2.75	1.92	0.25
genre1	theGoodFight	south	mid	2011	92.07962	1.24336283185841	5.08913168602151	11.9166666666667	1.78260869565217	0.09	0.407270064018183	0.0610570674903912	0.6	0.8	2.73	2.63611660079051	3.25	1.38	0.32
genre1	theMagicClap	west	early	2012	69	1.33333333333333	4.0462962962963	11.7777777777778	2.75	0.14	0.193126721428565	0.111252667624412	0.81	0.99	2.44	1.94772727272727	3.33	2	0
genre1	theMessage	east	early	1983	100.3489	1.19444444444444	5.2032762962963	10.75	1.71428571428571	0	0.282732438392864	0.203002820117208	0.34	0.7	2.88	5.29166666666667	2.25	1	0.03
genre1	theNextEpisode	west	early	1999	95.2621	1.22834645669291	5.1107083234714	9.17647058823529	1.625	0	0.357811738542547	0.107318251736529	0.85	0.84	2.01	0.661019736842105	2.71	1.29	0.86
genre1	theShowGoesOn	midwest	mid	2011	77	1.1006711409396	4.74345991561181	12.6153846153846	1.41666666666667	0.09	0.445994660347148	0.0781152857977939	0.97	0.96	2.11	2.39889705882353	4.75	1.5	0.97
genre1	thugLove	midwest	early	1997	67	1.20481927710843	6.28054145516074	14.2	2.07142857142857	0.15	0.737909533395911	0.631001455682357	0.48	0.85	4.08	8.19794102564102	3.43	1.57	0.22
genre1	tilItsGone	south	late	2014	65	1.16071428571429	5.65648854961832	11.5	0.571428571428571	0.29	0.488307334336357	0.468232386319727	0.53	0.77	3.26	0.725561111111111	2.33	2	0.8
genre1	twentyFiveBucks	midwest	late	2014	58	1.2751677852349	6.12964669738863	13.5555555555556	4.375	0.43	0.399393785001818	0.199926842278248	0	0	2.77	1.52432954545455	2.78	1.33	0.07
genre1	underPressure	east	late	2014	84.03201	1.36734693877551	5.57907995061728	14.2631578947368	1.5	0.29	0.582170913721051	0.295348080471209	0.39	0.74	2.72	19.3823099415205	2.71	1.57	0.24
genre1	unity	east	early	1993	93.96307	1.17088607594937	5.10085237142857	10.8823529411765	3.25	0	0.491468108984522	0.194427857815533	0.44	0.48	2.6	1.51015625	2.5	1.25	0.31
genre1	waterWhippin	midwest	late	2012	70	1.25806451612903	4.05695142378559	11.4705882352941	2.6875	0.4	0.50178542335123	0.227790946859379	0.77	0.93	2.85	1.78618421052632	4.17	1.67	0.63
genre1	weGonnaMakeIt	east	mid	2001	86.85662	1.23809523809524	4.75401992736706	11.1904761904762	1.35	0	0.335668080147498	0.162378658361458	0.3	0.31	2.67	3.11011904761905	2.2	1.8	0.11
genre1	whattaMan	east	early	1992	86.4932	1.20689655172414	4.99893494623656	10.8461538461538	3	0.09	0.570415477405574	0.456101305400104	0.26	0.44	2.81	2.65778409090909	2.62	1.5	0.31
genre1	whatTheyDo	east	early	1996	92.69899	1.53125	5.18411413270142	12.375	1.26666666666667	0.13	0.557061615246343	0.310764499728462	0	0.58	2.39	2.38970588235294	6	1.5	0.04
genre1	whoa	east	mid	2000	86.4932	1.1743119266055	4.65273765517241	9.92307692307692	1.66666666666667	0.91	0.27490406948111	0	0.93	0.92	2.76	0.0165719696969697	5.67	1.67	0.94
genre1	whoDoYouLove	west	late	2014	96.59755	1.31623931623932	5.38604521212121	9.75	2.33333333333333	0	0.373975818572346	0.203805784875547	0.87	0.9	2.52	1.54140625	2.12	1.62	0.92
genre1	wontonSoup	west	late	2010	65	1.11949685534591	3.8975791433892	10.3529411764706	1.875	0	0.307284593767741	0	1	1	3.05	1.253125	21	1	1
genre1	yallReady	midwest	late	2014	94.82511	1.15882352941176	5.63736908247423	11.5882352941176	2.4375	0.2	0.559269579705641	0.228417217762741	0	0.27	1.71	1.97452445652174	2.9	1.8	0.14
kendrickLamar	artOfPeerPressure1			2012	95.00247402	1.36423841059603	6.01362461810101	12.1764705882353	2.375	0.06	0.314325750065574	0.184444698932015	0.47	0.6	2.56	2.97473958333333	2.86	2	0.32
kendrickLamar	averageJoe1			2010	91.49828441	1.30612244897959	5.17294222317974	10.6666666666667	2.76470588235294	0.25	0.356232385895024	0.135815415341912	0.62	0.76	3.22	5.69093406593407	2.4	1.5	0.68
kendrickLamar	bitchDont2			2012	67.00167504	1.27040816326531	5.85362332376885	12.4	1.78571428571429	0.92	0.513296862221021	0.19794845617267	0.48	0.58	2.5	2.00888921052632	3.31	1.69	0.64
kendrickLamar	celebration3			2009	103.0042918	1.1530612244898	5.3111587959375	10.3636363636364	2.42857142857143	0.38	0.430289360912156	0.137481070817742	0.63	0.79	2.14	7.57806324110672	2.64	1.82	0.56
kendrickLamar	colors1			2009	78.99934167	1.2874251497006	4.98803567891184	13.125	1.93333333333333	0.27	0.445155467041154	0.225137779716143	0.88	0.87	2.32	2.15247657894737	3.5	1.33	0.88
kendrickLamar	deadRappers2			2008	79.82372261	1.29605263157895	4.57323410786458	12.1875	1.6	1.47	0.610680412448278	0.246753369945632	0.52	0.8	1.62	2.27971059113301	4	1.56	0.63
kendrickLamar	determined2			2009	100.999474	1.26086956521739	5.33195192690355	10.9375	2.26666666666667	0.07	0.481836820625203	0.334372780232804	0.38	0.74	2.08	1.90788398692811	3.67	1.5	0.25
kendrickLamar	drugsOnTheSchoolyard1			2014	65.00101564	1.32214765100671	3.71737834542484	11.6470588235294	1.9375	0.6	0.31445751038248	0.0666503371597859	0.69	0.79	3.62	13.1997395833333	3.17	1.42	0
kendrickLamar	hoc1			2010	76.99711261	1.22292993630573	4.56279185837037	11.7647058823529	2.125	0	0.425278050519821	0.292160684705274	0.32	0.74	3.64	4.87019230769231	3	1.33	0.4
kendrickLamar	i1			2015	122.0054648	1.20430107526882	5.27882364256071	8	2.61538461538462	0	0.266471879614568	0	0.82	0.95	2.91	7.60069444444444	3.67	1.67	0.93
kendrickLamar	iAmInterlude1			2009	96.9207471	1.22887323943662	5.94370555905045	12.25	2.11111111111111	0.04	0.624270854633973	0.439445834758705	0.11	0.47	2.21	6.17903225806452	2.73	1.55	0.22
kendrickLamar	keishasSong2			2011	87.40383302	1.33116883116883	5.35605980122559	12.0588235294118	2.625	0.67	0.552330703627924	0.295329712774983	0.26	0.64	3.42	7.90625	3.44	1.78	0.45
kendrickLamar	loyalty3			2017	110.4319	1.20547945205479	6.40184927536232	11	2.28571428571429	0	0.276031767187513	0	1	0.99	3.19	7.8	3.5	1	1.01
kendrickLamar	momma2			2015	83.99685012	1.33333333333333	5.47705488453699	12.4761904761905	2.7	0.42	0.56209642637282	0.431152312517173	0.12	0.75	1.93	1.21934014778325	2.67	1.83	0.16
kendrickLamar	moneyTrees1			2012	70.43286867	1.19852941176471	4.63249740245638	10.1875	0.8	0	0	0	0.74	0.65	3.39	0.114322916666667	2	3	0.54
kendrickLamar	mortalMan1			2015	84.00787574	1.29239766081871	5.20612187684507	13	2.1875	1.2	0.607329205206072	0.359450015228417	0.69	0.9	2.78	12.0036764705882	3.27	1.82	0.6
kendrickLamar	moscato2			2011	62.24873557	1.24358974358974	5.18497626503807	14.0625	1.33333333333333	0.33	0.548620425150855	0.20739250412733	0.92	0.91	2.74	3.99916883116883	3.9	1.6	0.92
kendrickLamar	oppositesAttract1			2010	95.99520024	1.3109756097561	6.0072468074717	12.7058823529412	2.4375	0.4	0.513936149549802	0.332040262849482	0.73	0.76	3.33	6.18269230769231	3.25	1.88	0.81
kendrickLamar	poeMansDreams2			2011	88.00073334	1.26839826839827	5.21704571255034	12.25	2	0.26	0.614331160276538	0.378164939095259	0.18	0.4	2.82	3.51482213438735	3.18	1.91	0.32
kendrickLamar	rockTheBells2			2011	86.9014212	1.28497409326425	5.74433123186441	14.5882352941176	1.625	0.5	0.597008103616883	0.435475415559422	0.38	0.94	18.2	735.583333333333	6.33	3.5	0
kendrickLamar	ronaldReagan2			2011	83.96	1.35869565217391	4.91628897338403	12.1428571428571	2.35	0.3	0.65812296347582	0.416487767450256	0.42	0.51	3.23	6.86764705882353	3.08	1.69	0.17
kendrickLamar	seeNoEvil1			2012	78.00438775	1.22099447513812	5.4403060174359	13.1875	2.73333333333333	0.87	0.480383332194161	0.148935778110278	0.23	0.61	3.03	4.55807291666667	4.25	2.12	0.3
kendrickLamar	solidSoundLogic1			2012	89.98031681	1.24221453287197	5.54120921441945	12.0689655172414	2.32142857142857	0.57	0.504495156959597	0.303783653030838	0.79	0.79	2.5	4.9978924137931	2.94	1.78	0.65
kendrickLamar	streetDreamin1			2013	92.49743063	1.36601307189542	5.60320974008654	12.4117647058824	2	0.81	0.444944812929013	0.161461258507489	0.6	0.64	3.05	4.31353021978022	3.62	2.62	0.42
kendrickLamar	theNewCupid1			2016	63.9914678	1.30666666666667	5.24822110014389	9.82352941176471	3	0.53	0.53280593637538	0.203724251883974	1	1	1.86	0.720487121212121	4.09	2.36	1
kendrickLamar	thuggin1			2015	85.00088543	1.33636363636364	5.73015919192289	14.4	1.94736842105263	0.53	0.671278592318844	0.370986873385829	0.11	0.62	3.56	13.6142857142857	3.67	2.17	0.09
kendrickLamar	untitledSeven2			2016	63.50046302	1.06185567010309	5.44933051448227	12.875	2.57142857142857	6.14	0.423957296017848	0.166505510123715	NA	0	1.9	0.137306666666667	8.67	5	0
kendrickLamar	weUp1			2013	102.9790364	1.3448275862069	6.14441583853333	12.25	1.93333333333333	0.13	0.569940505280289	0.258380394475647	0.45	0.6	2.71	3.73489010989011	3	2.14	0.36
kendrickLamar	yah1			2017	70.00145836	1.36923076923077	4.19453183030159	11.125	2.6	0.2	0.519283559101448	0.347909198183686	0.65	0.75	2.06	1.57625	4.17	3	0.15
otherEminem	40ounce2	midwest	NA	2004	82.97679243	1.22388059701493	5.56747510498065	12.7692307692308	1.66666666666667	0	0.157474336481077	0	0.8	0.7	2.88	0.0165719696969697	12	1	0
otherEminem	8mile1	midwest	NA	2002	90.17894885	1.12413793103448	4.36687447167496	9.70588235294118	1.9375	0	0.384372480736794	0.131394135039533	0.56	0.68	2.08	91.8	5.4	1.8	0.33
otherEminem	8mile2	midwest	NA	2002	89.9929693	1.20274914089347	5.52726497547133	12.1379310344828	1.5	0	0.495207855084392	0.246296121512143	0.75	0.76	2	1.80196479374111	7.5	3.33	0.06
otherEminem	8mile3	midwest	NA	2002	89.92131885	1.24318181818182	5.40855165038745	12.2	1.93181818181818	0.02	0.4075493721017	0.13590454939474	0.66	0.8	2.1	3.55779220779221	5.31	2.62	0.15
otherEminem	business1	midwest	NA	2003	96.38070378	1.23913043478261	3.93937003545238	8.92307692307692	1.08333333333333	0	0.533026183415763	0.426747097471472	0.8	0.6	2.48	0.543560606060606	6.67	2.33	0
otherEminem	business2	midwest	NA	2003	96.41458271	1.24161073825503	5.19882553828431	11.5625	1.4	0.07	0.619373278571435	0.398436940138295	0.13	0.26	2.43	9.79765625	3.33	2.11	0.18
otherEminem	business3	midwest	NA	2003	96.40490058	1.28301886792453	4.619401486125	10.4	2.36842105263158	0	0.543409044908501	0.249860820141227	0.33	0.51	2.58	3.06617647058824	5	2.14	0.06
otherEminem	drugBallad2	midwest	NA	2000	106.4832788	1.18487394957983	5.83122717238095	11.5	1.1304347826087	0	0.546092954260499	0.33628430620485	0.55	0.76	2.35	3.76420454545455	5.83	3.17	0
otherEminem	drugBallad3	midwest	NA	2000	104.7406033	1.275	6.09635709609907	12.7083333333333	1.26086956521739	0	0.568117418637329	0.359359123901101	0.57	0.65	2.53	10.7664473684211	3	2.45	0.14
otherEminem	goToSleep1	midwest	NA	2003	91.3589646	1.21161825726141	5.06907335227848	11.6	1.125	0.91	0.676313886479509	0.463620678325515	0.82	0.86	2.56	912.966666666667	9	1.5	0.1
otherEminem	illHurtYou2	midwest	NA	2006	90.12392039	1.26136363636364	5.95413287861862	14.6875	1.86666666666667	NA	NA	NA	0.17	0.23	5.36	0.0792410714285714	NA	NA	0.16
otherEminem	imBack1	midwest	NA	2000	90.01828496	1.18518518518519	5.37743637753883	11.4583333333333	1.56521739130435	0.13	0.538102380781923	0.298561615186627	0.31	0.63	2.03	1.68279569892473	3.3	3.2	0.13
otherEminem	loseYourself1	NA	NA	NA	80.5	1.23376623376623	4.15795795795796	11.1176470588235	1.9375	0.07	0.557352605298442	0.303573827169109	0.66	0.65	3.75	988.1875	6.2	3	0
otherEminem	myDads1	midwest	NA	2003	87.96041781	1.20394736842105	4.99639107968367	10.8235294117647	2.4375	0.07	0.728030089174133	0.435108706579615	0.37	0.78	3.43	11.3036858974359	5	3	0.07
otherEminem	myDads3	midwest	NA	2003	88.00073334	1.20103092783505	4.77523359209302	11.1428571428571	1.5	0.79	0.681267691333989	0.404925143174477	0.1	0.28	3.14	5.42258986928105	4.5	2.4	0.06
otherEminem	renegade4	midwest	NA	2001	84.59640465	1.34730538922156	5.04869372729258	13.2352941176471	1.6875	0.2	0.534877916488168	0.29919102820266	0.38	0.48	3.27	12.5094696969697	4.67	3.67	0.02
otherEminem	sayGoodbyeHollywood3	midwest	NA	2003	95.45590136	1.23744292237443	5.7852061430303	12.3636363636364	2.28571428571429	0.15	0.554237832539676	0.341511667956348	0.3	0.68	3.77	5.19642857142857	5	3.67	0.08
otherEminem	soldier1	midwest	NA	2003	94.52075026	1.2969696969697	5.81898079750558	12.5294117647059	2.5625	0.07	0.621322398175405	0.329573312892629	0.6	0.83	3.18	4.52483974358974	3.3	2.2	0.49
otherEminem	soldier2	midwest	NA	2003	94.51144475	1.29032258064516	5.29836887234848	11.8823529411765	2.0625	0	0.418302512719461	0.36162770449112	0.65	0.44	3.46	14.0506628787879	3.83	3	0
otherEminem	soldier3	midwest	NA	2003	94.52075026	1.27272727272727	5.85128453990476	12.8235294117647	1.5625	0	0.489794806195269	0.382763555638409	0.75	0.87	2.37	0.579963235294118	5.5	4	0
otherEminem	squareDance1	midwest	NA	2003	82.08285238	1.16981132075472	4.23902054544601	10.25	2.27272727272727	0	0.496762142466261	0.386863276550632	0.5	0.74	2.57	1.22355769230769	3.5	2.75	0.21
otherEminem	squareDance2	midwest	NA	2003	82.07934337	1.28512396694215	4.04953789570822	10.7241379310345	1.60714285714286	0	0.517308387556055	0.234442479489449	0.31	0.57	2.72	2.29885057471265	5.12	2.88	0.12
otherEminem	squareDance3	midwest	NA	2003	82.14606597	1.30813953488372	4.446840371176	11.55	1.89473684210526	0	0.744041959606296	0.424315484814778	0.59	0.8	2.64	4.88041125541126	8.4	4.8	0.31
otherEminem	stimulate1	midwest	NA	2002	88.99601372	1.31428571428571	4.52430267617656	10.8823529411765	1.5625	1.53	0.665962986882643	0.402679327512532	0.27	0.73	6.43	68.5104166666667	5.43	1.29	0.35
otherEminem	stimulate2	midwest	NA	2002	88.96302474	1.41666666666667	4.72829593856221	11.1176470588235	2.125	0.07	0.631410015207429	0.421470832112801	0.47	0.66	4.44	557.270833333333	4.8	2.8	0.06
otherEminem	takingMyBall2	midwest	NA	2010	91.01251422	1.37349397590361	5.71379013040359	13.4117647058824	1.8125	0.4	0.691595864306789	0.395543455774788	0.31	0.67	2.97	5.21845238095238	6.17	2.17	0.28
otherEminem	talkin2myself3	midwest	NA	2009	89.96766787	1.22340425531915	5.7059140389528	13	2.58823529411765	0.06	0.54710704955317	0.326106913672947	0.36	0.54	3.2	5.47527472527473	3.67	2.33	0.36
otherEminem	tillICollapse2	midwest	NA	2003	85.72959457	1.20320855614973	5.34657686565591	13.2352941176471	1.875	0	0.411691686662854	0.280187121591236	0.29	0.51	2.92	6.72916666666667	7.5	4	0
otherEminem	tillICollapse3	midwest	NA	2003	85.6836844	1.22222222222222	5.29868938220211	13.0588235294118	1.8125	0	0.487844919856355	0.265374998975645	0.17	0.62	3.26	6.09065934065934	8.33	3.67	0
otherEminem	weAint	midwest	NA	2005	85.99068434	1.25465838509317	4.62152576629075	11.1666666666667	2.17647058823529	0	0.364554715411783	0.295539288219671	0.37	0.62	4.78	43.0613839285714	19	4	0.07
otherEminem	whenImGone1	midwest	NA	2005	75	1.25581395348837	4.67136150234742	12.7647058823529	1	0	0.58626837833706	0.341047221711293	0	0.33	2.42	1.11428571428571	3.25	2.25	0.32
otherEminem	whiteAmerica1	midwest	NA	2003	75.00879009	1.2874251497006	4.41228177	12.6470588235294	1.5	0	0.350176786710086	0.139104809433079	0.37	0.48	3.23	3.45182291666667	3	3	0.08
otherEminem	whiteAmerica2	midwest	NA	2003	74.99707043	1.19672131147541	4.6711790346072	12.4705882352941	1.5625	0	0.456422069783501	0.347384700573012	0.59	0.69	2.53	1.51233552631579	3.5	4.83	0
otherEminem	withoutMe3	midwest	NA	2003	112.2413188	1.30386740331492	5.11077028958606	9.52	1.54166666666667	0.17	0.52863534010224	0.363713868061119	0.77	0.93	2.62	3.68601973684211	4.25	2.75	0
talibKweli	aroundMyWay2	NA	NA	2004	82.00222089	1.21052631578947	5.26434010651852	14.375	1.6	0	0.53879104078099	0.182764463165053	0.9	0.88	3.03	3.25390625	7.33	4	0.9
talibKweli	backup1	NA	NA	2004	102.0191286	1.17	5.73020827307087	11.8	2.89473684210526	0.06	0.504295799107147	0.366468447344948	0.31	0.54	2.81	6.71047794117647	2.5	3.1	0.35
talibKweli	backup2	NA	NA	2004	102.0191286	1.36805555555556	5.81141828018779	12.375	1.46666666666667	0	0.425278050519821	0.184444698932015	0.49	0.55	3.39	11.0719696969697	2.5	3	0.58
talibKweli	brightAsTheStars	NA	NA	2005	94.37672041	1.23021582733813	6.08754552592251	12.5769230769231	1.84	0	0.64698149583298	0.360202581357736	0.48	0.73	2.58	5.30246433333333	3.89	1.89	0.28
talibKweli	brokenAnglish1	NA	NA	2001	97.64035801	1.26510067114094	5.51419231535171	11.78125	1.45161290322581	0.03	0.580424876286234	0.350573036569264	0.68	0.69	2.1	2.0235548048048	2.87	2.53	0.19
talibKweli	chaos2	NA	NA	1999	92.08927544	1.28125	5.5403303923252	11.7142857142857	2.83333333333333	1.2	0.492429330893773	0.286380922119063	0.77	0.8	2.18	4.91666666666667	2.4	1.8	0.39
talibKweli	chillin1	NA	NA	2004	96.99255717	1.32167832167832	5.21563750819811	11.8125	2.6	0	0.459832708274422	0.247997914044658	0.85	0.82	3.2	6.69951923076923	4.4	1.8	0.84
talibKweli	countryCousins	NA	NA	2007	74.39361455	1.25663716814159	6.12653296294118	14.5625	1.13333333333333	0.13	0.55643572234611	0.262784479816658	0.33	0.36	3.49	18.2599858974359	3.33	2.44	0.16
talibKweli	dontletup2	NA	NA	2000	85.80110826	1.27931034482759	5.83531861581523	13.6	2.04166666666667	0.09	0.596588466851647	0.394029605845829	0.63	0.73	3.94	7.30152941176471	3.9	3.2	0.69
talibKweli	flashGordon1	NA	NA	2005	90.81449248	1.2189349112426	5.35906893422648	11.9411764705882	1.9375	0	0.637921346836366	0.415167616019387	0.56	0.8	2.12	2.11147660818713	6	2.25	0.01
talibKweli	getby1	NA	NA	2002	90.10136403	1.14622641509434	4.95266852603613	11.5238095238095	2.7	0.11	0.619648895709036	0.361697083369193	0.31	0.5	2.56	10.0784632034632	5.6	3	0.05
talibKweli	getemhigh	NA	NA	2004	88.21783018	1.28787878787879	5.49611084851587	12.1428571428571	1.69230769230769	0	0.403267696601583	0.356041822567522	0.42	0.59	3.8	4.53819444444444	3.5	2.75	0.3
talibKweli	goodMourning2	NA	NA	2000	93.15866084	1.34529147982063	6.36373589461899	13.4285714285714	2	0.32	0.521540200404741	0.233301373894498	0.54	0.61	3.04	4.11672794117647	3.78	1.67	0.62
talibKweli	hostileGospel3	NA	NA	2007	87.87185355	1.4125	5.46230440986487	13.9375	1.46666666666667	0.27	0.602109204261662	0.411174120235704	0.47	0.56	3.79	8.11174242424242	4.43	2	0.32
talibKweli	hotthing1	NA	NA	2007	94.99777349	1.22727272727273	5.91495570786793	13.5	1.28571428571429	0.57	0.557390356941678	0.280294966187647	0.79	0.86	3.18	6.58035714285714	3.4	2.2	0.88
talibKweli	itry3	NA	NA	2004	97.69003765	1.24096385542169	6.00187159418301	13	2.42857142857143	0	0.492429330893773	0.372599140588866	0.33	0.59	2.44	12.575	3	1	0.34
talibKweli	listen1	NA	NA	2007	97.99251446	1.30841121495327	5.65252329272813	11.6666666666667	1.45454545454545	0.27	0.468369033680306	0.27669106326971	0.55	0.91	1.96	3.26666666666667	3.6	2.6	0.37
talibKweli	lockitdown1	NA	NA	2009	95.05577926	1.37777777777778	5.56587631645855	11.625	1.4	0	0.634112287632691	0.409371597466698	0.5	0.61	2.31	2.47702205882353	3.14	2.71	0.52
talibKweli	missjanuary	NA	NA	2006	96.08327217	1.23170731707317	5.56350715225352	12.5	2.13333333333333	0	0.581831095982161	0.345662445596463	0.63	0.69	5.79	12.639880952381	3	1.57	0.67
talibKweli	moodswing1	NA	NA	2003	88.87791631	1.16	4.90580613324014	9.66666666666667	3.25	0.29	0.51041055374444	0.381205747730198	0.54	0.67	2.12	0.959027777777778	2.67	1.67	0.62
talibKweli	moreorless1	NA	NA	2007	90.00140627	1.63716814159292	4.62624050920561	11	1.6875	39.88	0.560144105635038	0.284769292062043	0.95	0.94	2.62	12.3983516483516	6.4	2.1	0.96
talibKweli	moreorless3	NA	NA	2007	90	1.31292517006803	5.22388059701493	12.1875	3.13333333333333	3.19	0.618481017412445	0.297596255392543	0.73	0.77	3.24	6.53605769230769	4.62	2.38	0.75
talibKweli	movesomething2	NA	NA	2000	92.02748043	1.44274809160305	5.34045482288083	11.75	2.33333333333333	0.13	0.600727671179035	0.362650974081118	0.27	0.46	2.38	5.84232026143791	2.91	2	0.28
talibKweli	neverBeenInLove2	NA	NA	2004	96.00640043	1.16969696969697	5.61219680674548	12.25	1.4	0	0.477454014208855	0.196856293529291	0.14	0.47	2.86	3.65831043956044	3.5	3.33	0.12
talibKweli	pushthru	NA	NA	2013	80	1.35911602209945	5.24017467248908	14.1764705882353	1.8125	0.6	0.624873380496286	0.310206703206978	0.89	0.85	3.12	6.03331043956044	3.55	2.55	0.86
talibKweli	putyo	NA	NA	2008	92.60747934	1.31155778894472	5.70452362906946	12.3809523809524	2.15	0.26	0.655407887741744	0.35344200271685	0.39	0.56	2.68	7.1703947368421	4.25	2.38	0.45
talibKweli	rockon2	NA	NA	2005	91.50119142	1.23899371069182	5.1913512723233	12.375	0.866666666666667	0	0.632847059572136	0.374801966374415	0.33	0.71	2.4	2.46507352941176	4.8	2.2	0.4
talibKweli	saysomething2	NA	NA	2007	101.0030161	1.30827067669173	6.14129237472275	12.2857142857143	3.30769230769231	0.33	0.59099856406596	0.305984678963699	0.87	0.87	3.37	4.578125	4.33	1.67	0.06
talibKweli	wagesOfSin1	NA	NA	2001	96.99909063	1.275	6.77136508963476	13.9411764705882	2.5	0.27	0.571431227626059	0.327782204764542	0.39	0.42	3.1	6.86939102564103	3.2	2.3	0.48
talibKweli	yellinaway	NA	NA	2004	93.19483545	1.26470588235294	5.40502184672646	12.6470588235294	1.1875	0	0.583526513894492	0.334987390059534	0.32	0.88	3.24	10.6019917582418	6.25	3.25	0.02
